1.00e-05    3.00e+05
2.00e-05    6.00e+05
3.00e-05    9.00e+05
4.00e-05    1.20e+06
5.00e-05    1.50e+06
6.00e-05    1.80e+06
7.00e-05    1.99e+6
8.00e-05    1.98e+6
9.00e-05    1.96e+6
1.00e-04    1.95e+6
1.10e-04    1.93e+6
1.20e-04    1.91e+6
1.30e-04    1.90e+6
1.40e-04    1.88e+6
1.50e-04    1.87e+6
1.60e-04    1.85e+6
1.70e-04    1.84e+6
1.80e-04    1.82e+6
1.90e-04    1.81e+6
2.00e-04    1.79e+6
2.10e-04    1.78e+6
2.20e-04    1.76e+6
2.30e-04    1.75e+6
2.40e-04    1.73e+6
2.50e-04    1.72e+6
2.60e-04    1.71e+6
2.70e-04    1.69e+6
2.80e-04    1.68e+6
2.90e-04    1.66e+6
3.00e-04    1.65e+6
3.10e-04    1.64e+6
3.20e-04    1.62e+6
3.30e-04    1.61e+6
3.40e-04    1.60e+6
3.50e-04    1.58e+6
3.60e-04    1.57e+6
3.70e-04    1.56e+6
3.80e-04    1.55e+6
3.90e-04    1.53e+6
4.00e-04    1.52e+6
4.10e-04    1.51e+6
4.20e-04    1.50e+6
4.30e-04    1.48e+6
4.40e-04    1.47e+6
4.50e-04    1.46e+6
4.60e-04    1.45e+6
4.70e-04    1.44e+6
4.80e-04    1.42e+6
4.90e-04    1.41e+6
5.00e-04    1.40e+6
5.10e-04    1.39e+6
5.20e-04    1.38e+6
5.30e-04    1.37e+6
5.40e-04    1.36e+6
5.50e-04    1.34e+6
5.60e-04    1.33e+6
5.70e-04    1.32e+6
5.80e-04    1.31e+6
5.90e-04    1.30e+6
6.00e-04    1.29e+6
6.10e-04    1.28e+6
6.20e-04    1.27e+6
6.30e-04    1.26e+6
6.40e-04    1.25e+6
6.50e-04    1.24e+6
6.60e-04    1.23e+6
6.70e-04    1.22e+6
6.80e-04    1.21e+6
6.90e-04    1.20e+6
7.00e-04    1.19e+6
7.10e-04    1.18e+6
7.20e-04    1.17e+6
7.30e-04    1.16e+6
7.40e-04    1.15e+6
7.50e-04    1.14e+6
7.60e-04    1.13e+6
7.70e-04    1.12e+6
7.80e-04    1.11e+6
7.90e-04    1.10e+6
8.00e-04    1.09e+6
8.10e-04    1.09e+6
8.20e-04    1.08e+6
8.30e-04    1.07e+6
8.40e-04    1.06e+6
8.50e-04    1.05e+6
8.60e-04    1.04e+6
8.70e-04    1.03e+6
8.80e-04    1.02e+6
8.90e-04    1.02e+6
9.00e-04    1.01e+6
9.10e-04    1.00e+6
9.20e-04    9.92e+5
9.30e-04    9.84e+5
9.40e-04    9.76e+5
9.50e-04    9.68e+5
9.60e-04    9.60e+5
9.70e-04    9.52e+5
9.80e-04    9.44e+5
9.90e-04    9.36e+5
1.00e-03    9.29e+5
1.01e-03    9.21e+5
1.02e-03    9.14e+5
1.03e-03    9.06e+5
1.04e-03    8.99e+5
1.05e-03    8.91e+5
1.06e-03    8.84e+5
1.07e-03    8.77e+5
1.08e-03    8.70e+5
1.09e-03    8.62e+5
1.10e-03    8.55e+5
1.11e-03    8.48e+5
1.12e-03    8.41e+5
1.13e-03    8.35e+5
1.14e-03    8.28e+5
1.15e-03    8.21e+5
1.16e-03    8.14e+5
1.17e-03    8.08e+5
1.18e-03    8.01e+5
1.19e-03    7.94e+5
1.20e-03    7.88e+5
1.21e-03    7.81e+5
1.22e-03    7.75e+5
1.23e-03    7.69e+5
1.24e-03    7.62e+5
1.25e-03    7.56e+5
1.26e-03    7.50e+5
1.27e-03    7.44e+5
1.28e-03    7.38e+5
1.29e-03    7.32e+5
1.30e-03    7.26e+5
1.31e-03    7.20e+5
1.32e-03    7.14e+5
1.33e-03    7.08e+5
1.34e-03    7.02e+5
1.35e-03    6.97e+5
1.36e-03    6.91e+5
1.37e-03    6.85e+5
1.38e-03    6.80e+5
1.39e-03    6.74e+5
1.40e-03    6.68e+5
1.41e-03    6.63e+5
1.42e-03    6.58e+5
1.43e-03    6.52e+5
1.44e-03    6.47e+5
1.45e-03    6.42e+5
1.46e-03    6.36e+5
1.47e-03    6.31e+5
1.48e-03    6.26e+5
1.49e-03    6.21e+5
1.50e-03    6.16e+5
1.51e-03    6.11e+5
1.52e-03    6.06e+5
1.53e-03    6.01e+5
1.54e-03    5.96e+5
1.55e-03    5.91e+5
1.56e-03    5.86e+5
1.57e-03    5.81e+5
1.58e-03    5.77e+5
1.59e-03    5.72e+5
1.60e-03    5.67e+5
1.61e-03    5.63e+5
1.62e-03    5.58e+5
1.63e-03    5.53e+5
1.64e-03    5.49e+5
1.65e-03    5.44e+5
1.66e-03    5.40e+5
1.67e-03    5.35e+5
1.68e-03    5.31e+5
1.69e-03    5.27e+5
1.70e-03    5.22e+5
1.71e-03    5.18e+5
1.72e-03    5.14e+5
1.73e-03    5.10e+5
1.74e-03    5.06e+5
1.75e-03    5.01e+5
1.76e-03    4.97e+5
1.77e-03    4.93e+5
1.78e-03    4.89e+5
1.79e-03    4.85e+5
1.80e-03    4.81e+5
1.81e-03    4.77e+5
1.82e-03    4.73e+5
1.83e-03    4.69e+5
1.84e-03    4.66e+5
1.85e-03    4.62e+5
1.86e-03    4.58e+5
1.87e-03    4.54e+5
1.88e-03    4.51e+5
1.89e-03    4.47e+5
1.90e-03    4.43e+5
1.91e-03    4.40e+5
1.92e-03    4.36e+5
1.93e-03    4.32e+5
1.94e-03    4.29e+5
1.95e-03    4.25e+5
1.96e-03    4.22e+5
1.97e-03    4.18e+5
1.98e-03    4.15e+5
1.99e-03    4.12e+5
2.00e-03    3.24e+5
2.01e-03    3.22e+5
2.02e-03    3.21e+5
2.03e-03    3.19e+5
2.04e-03    3.17e+5
2.05e-03    3.15e+5
2.06e-03    3.13e+5
2.07e-03    3.11e+5
2.08e-03    3.09e+5
2.09e-03    3.08e+5
2.10e-03    3.06e+5
2.11e-03    3.04e+5
2.12e-03    3.02e+5
2.13e-03    3.01e+5
2.14e-03    2.99e+5
2.15e-03    2.97e+5
2.16e-03    2.95e+5
2.17e-03    2.94e+5
2.18e-03    2.92e+5
2.19e-03    2.90e+5
2.20e-03    2.89e+5
2.21e-03    2.87e+5
2.22e-03    2.85e+5
2.23e-03    2.84e+5
2.24e-03    2.82e+5
2.25e-03    2.80e+5
2.26e-03    2.79e+5
2.27e-03    2.77e+5
2.28e-03    2.75e+5
2.29e-03    2.74e+5
2.30e-03    2.72e+5
2.31e-03    2.71e+5
2.32e-03    2.69e+5
2.33e-03    2.68e+5
2.34e-03    2.66e+5
2.35e-03    2.64e+5
2.36e-03    2.63e+5
2.37e-03    2.61e+5
2.38e-03    2.60e+5
2.39e-03    2.58e+5
2.40e-03    2.57e+5
2.41e-03    2.55e+5
2.42e-03    2.54e+5
2.43e-03    2.52e+5
2.44e-03    2.51e+5
2.45e-03    2.49e+5
2.46e-03    2.48e+5
2.47e-03    2.47e+5
2.48e-03    2.45e+5
2.49e-03    2.44e+5
2.50e-03    2.42e+5
2.51e-03    2.41e+5
2.52e-03    2.40e+5
2.53e-03    2.38e+5
2.54e-03    2.37e+5
2.55e-03    2.35e+5
2.56e-03    2.34e+5
2.57e-03    2.33e+5
2.58e-03    2.31e+5
2.59e-03    2.30e+5
2.60e-03    2.29e+5
2.61e-03    2.27e+5
2.62e-03    2.26e+5
2.63e-03    2.25e+5
2.64e-03    2.23e+5
2.65e-03    2.22e+5
2.66e-03    2.21e+5
2.67e-03    2.19e+5
2.68e-03    2.18e+5
2.69e-03    2.17e+5
2.70e-03    2.16e+5
2.71e-03    2.14e+5
2.72e-03    2.13e+5
2.73e-03    2.12e+5
2.74e-03    2.11e+5
2.75e-03    2.09e+5
2.76e-03    2.08e+5
2.77e-03    2.07e+5
2.78e-03    2.06e+5
2.79e-03    2.05e+5
2.80e-03    2.03e+5
2.81e-03    2.02e+5
2.82e-03    2.01e+5
2.83e-03    2.00e+5
2.84e-03    1.99e+5
2.85e-03    1.98e+5
2.86e-03    1.96e+5
2.87e-03    1.95e+5
2.88e-03    1.94e+5
2.89e-03    1.93e+5
2.90e-03    1.92e+5
2.91e-03    1.91e+5
2.92e-03    1.90e+5
2.93e-03    1.89e+5
2.94e-03    1.88e+5
2.95e-03    1.86e+5
2.96e-03    1.85e+5
2.97e-03    1.84e+5
2.98e-03    1.83e+5
2.99e-03    1.82e+5
3.00e-03    1.81e+5
3.01e-03    1.80e+5
3.02e-03    1.79e+5
3.03e-03    1.78e+5
3.04e-03    1.77e+5
3.05e-03    1.76e+5
3.06e-03    1.75e+5
3.07e-03    1.74e+5
3.08e-03    1.73e+5
3.09e-03    1.72e+5
3.10e-03    1.71e+5
3.11e-03    1.70e+5
3.12e-03    1.69e+5
3.13e-03    1.68e+5
3.14e-03    1.67e+5
3.15e-03    1.66e+5
3.16e-03    1.65e+5
3.17e-03    1.64e+5
3.18e-03    1.63e+5
3.19e-03    1.62e+5
3.20e-03    1.61e+5
3.21e-03    1.60e+5
3.22e-03    1.59e+5
3.23e-03    1.58e+5
3.24e-03    1.57e+5
3.25e-03    1.57e+5
3.26e-03    1.56e+5
3.27e-03    1.55e+5
3.28e-03    1.54e+5
3.29e-03    1.53e+5
3.30e-03    1.52e+5
3.31e-03    1.51e+5
3.32e-03    1.50e+5
3.33e-03    1.49e+5
3.34e-03    1.49e+5
3.35e-03    1.48e+5
3.36e-03    1.47e+5
3.37e-03    1.46e+5
3.38e-03    1.45e+5
3.39e-03    1.44e+5
3.40e-03    1.43e+5
3.41e-03    1.43e+5
3.42e-03    1.42e+5
3.43e-03    1.41e+5
3.44e-03    1.40e+5
3.45e-03    1.39e+5
3.46e-03    1.39e+5
3.47e-03    1.38e+5
3.48e-03    1.37e+5
3.49e-03    1.36e+5
3.50e-03    1.35e+5
3.51e-03    1.35e+5
3.52e-03    1.34e+5
3.53e-03    1.33e+5
3.54e-03    1.32e+5
3.55e-03    1.31e+5
3.56e-03    1.31e+5
3.57e-03    1.30e+5
3.58e-03    1.29e+5
3.59e-03    1.28e+5
3.60e-03    1.28e+5
3.61e-03    1.27e+5
3.62e-03    1.26e+5
3.63e-03    1.25e+5
3.64e-03    1.25e+5
3.65e-03    1.24e+5
3.66e-03    1.23e+5
3.67e-03    1.23e+5
3.68e-03    1.22e+5
3.69e-03    1.21e+5
3.70e-03    1.20e+5
3.71e-03    1.20e+5
3.72e-03    1.19e+5
3.73e-03    1.18e+5
3.74e-03    1.18e+5
3.75e-03    1.17e+5
3.76e-03    1.16e+5
3.77e-03    1.16e+5
3.78e-03    1.15e+5
3.79e-03    1.14e+5
3.80e-03    1.14e+5
3.81e-03    1.13e+5
3.82e-03    1.12e+5
3.83e-03    1.12e+5
3.84e-03    1.11e+5
3.85e-03    1.10e+5
3.86e-03    1.10e+5
3.87e-03    1.09e+5
3.88e-03    1.08e+5
3.89e-03    1.08e+5
3.90e-03    1.07e+5
3.91e-03    1.07e+5
3.92e-03    1.06e+5
3.93e-03    1.05e+5
3.94e-03    1.05e+5
3.95e-03    1.04e+5
3.96e-03    1.04e+5
3.97e-03    1.03e+5
3.98e-03    1.02e+5
3.99e-03    1.02e+5
4.00e-03    1.01e+5
4.01e-03    1.01e+5
4.02e-03    1.00e+5
4.03e-03    9.94e+4
4.04e-03    9.88e+4
4.05e-03    9.82e+4
4.06e-03    9.77e+4
4.07e-03    9.71e+4
4.08e-03    9.65e+4
4.09e-03    9.60e+4
4.10e-03    9.54e+4
4.11e-03    9.49e+4
4.12e-03    9.43e+4
4.13e-03    9.38e+4
4.14e-03    9.32e+4
4.15e-03    9.27e+4
4.16e-03    9.21e+4
4.17e-03    9.16e+4
4.18e-03    9.11e+4
4.19e-03    9.05e+4
4.20e-03    9.00e+4
4.21e-03    8.95e+4
4.22e-03    8.90e+4
4.23e-03    8.85e+4
4.24e-03    8.79e+4
4.25e-03    8.74e+4
4.26e-03    8.69e+4
4.27e-03    8.64e+4
4.28e-03    8.59e+4
4.29e-03    8.54e+4
4.30e-03    8.49e+4
4.31e-03    8.44e+4
4.32e-03    8.39e+4
4.33e-03    8.35e+4
4.34e-03    8.30e+4
4.35e-03    8.25e+4
4.36e-03    8.20e+4
4.37e-03    8.15e+4
4.38e-03    8.11e+4
4.39e-03    8.06e+4
4.40e-03    8.01e+4
4.41e-03    7.97e+4
4.42e-03    7.92e+4
4.43e-03    7.87e+4
4.44e-03    7.83e+4
4.45e-03    7.78e+4
4.46e-03    7.74e+4
4.47e-03    7.69e+4
4.48e-03    7.65e+4
4.49e-03    7.60e+4
4.50e-03    7.56e+4
4.51e-03    7.51e+4
4.52e-03    7.47e+4
4.53e-03    7.43e+4
4.54e-03    7.38e+4
4.55e-03    7.34e+4
4.56e-03    7.30e+4
4.57e-03    7.26e+4
4.58e-03    7.21e+4
4.59e-03    7.17e+4
4.60e-03    7.13e+4
4.61e-03    7.09e+4
4.62e-03    7.05e+4
4.63e-03    7.01e+4
4.64e-03    6.97e+4
4.65e-03    6.93e+4
4.66e-03    6.89e+4
4.67e-03    6.85e+4
4.68e-03    6.81e+4
4.69e-03    6.77e+4
4.70e-03    6.73e+4
4.71e-03    6.69e+4
4.72e-03    6.65e+4
4.73e-03    6.61e+4
4.74e-03    6.57e+4
4.75e-03    6.53e+4
4.76e-03    6.50e+4
4.77e-03    6.46e+4
4.78e-03    6.42e+4
4.79e-03    6.38e+4
4.80e-03    6.35e+4
4.81e-03    6.31e+4
4.82e-03    6.27e+4
4.83e-03    6.24e+4
4.84e-03    6.20e+4
4.85e-03    6.16e+4
4.86e-03    6.13e+4
4.87e-03    6.09e+4
4.88e-03    6.06e+4
4.89e-03    6.02e+4
4.90e-03    5.99e+4
4.91e-03    5.95e+4
4.92e-03    5.92e+4
4.93e-03    5.88e+4
4.94e-03    5.85e+4
4.95e-03    5.82e+4
4.96e-03    5.78e+4
4.97e-03    5.75e+4
4.98e-03    5.71e+4
4.99e-03    5.68e+4
5.00e-03    5.65e+4
5.01e-03    5.62e+4
5.02e-03    5.58e+4
5.03e-03    5.55e+4
5.04e-03    5.52e+4
5.05e-03    5.49e+4
5.06e-03    5.45e+4
5.07e-03    5.42e+4
5.08e-03    5.39e+4
5.09e-03    5.36e+4
5.10e-03    5.33e+4
5.11e-03    5.30e+4
5.12e-03    5.27e+4
5.13e-03    5.24e+4
5.14e-03    5.21e+4
5.15e-03    5.18e+4
5.16e-03    5.15e+4
5.17e-03    5.12e+4
5.18e-03    5.09e+4
5.19e-03    5.06e+4
5.20e-03    5.03e+4
5.21e-03    5.00e+4
5.22e-03    4.97e+4
5.23e-03    4.94e+4
5.24e-03    4.91e+4
5.25e-03    4.88e+4
5.26e-03    4.85e+4
5.27e-03    4.83e+4
5.28e-03    4.80e+4
5.29e-03    4.77e+4
5.30e-03    4.74e+4
5.31e-03    4.72e+4
5.32e-03    4.69e+4
5.33e-03    4.66e+4
5.34e-03    4.63e+4
5.35e-03    4.61e+4
5.36e-03    4.58e+4
5.37e-03    4.55e+4
5.38e-03    4.53e+4
5.39e-03    4.50e+4
5.40e-03    4.47e+4
5.41e-03    4.45e+4
5.42e-03    4.42e+4
5.43e-03    4.40e+4
5.44e-03    4.37e+4
5.45e-03    4.35e+4
5.46e-03    4.32e+4
5.47e-03    4.30e+4
5.48e-03    4.27e+4
5.49e-03    4.25e+4
5.50e-03    4.22e+4
5.51e-03    4.20e+4
5.52e-03    4.17e+4
5.53e-03    4.15e+4
5.54e-03    4.12e+4
5.55e-03    4.10e+4
5.56e-03    4.08e+4
5.57e-03    4.05e+4
5.58e-03    4.03e+4
5.59e-03    4.01e+4
5.60e-03    3.98e+4
5.61e-03    3.96e+4
5.62e-03    3.94e+4
5.63e-03    3.91e+4
5.64e-03    3.89e+4
5.65e-03    3.87e+4
5.66e-03    3.85e+4
5.67e-03    3.82e+4
5.68e-03    3.80e+4
5.69e-03    3.78e+4
5.70e-03    3.76e+4
5.71e-03    3.74e+4
5.72e-03    3.71e+4
5.73e-03    3.69e+4
5.74e-03    3.67e+4
5.75e-03    3.65e+4
5.76e-03    3.63e+4
5.77e-03    3.61e+4
5.78e-03    3.59e+4
5.79e-03    3.57e+4
5.80e-03    3.54e+4
5.81e-03    3.52e+4
5.82e-03    3.50e+4
5.83e-03    3.48e+4
5.84e-03    3.46e+4
5.85e-03    3.44e+4
5.86e-03    3.42e+4
5.87e-03    3.40e+4
5.88e-03    3.38e+4
5.89e-03    3.36e+4
5.90e-03    3.34e+4
5.91e-03    3.32e+4
5.92e-03    3.31e+4
5.93e-03    3.29e+4
5.94e-03    3.27e+4
5.95e-03    3.25e+4
5.96e-03    3.23e+4
5.97e-03    3.21e+4
5.98e-03    3.19e+4
5.99e-03    3.17e+4
6.00e-03    3.15e+4
6.01e-03    3.14e+4
6.02e-03    3.12e+4
6.03e-03    3.10e+4
6.04e-03    3.08e+4
6.05e-03    3.06e+4
6.06e-03    3.05e+4
6.07e-03    3.03e+4
6.08e-03    3.01e+4
6.09e-03    2.99e+4
6.10e-03    2.98e+4
6.11e-03    2.96e+4
6.12e-03    2.94e+4
6.13e-03    2.92e+4
6.14e-03    2.91e+4
6.15e-03    2.89e+4
6.16e-03    2.87e+4
6.17e-03    2.86e+4
6.18e-03    2.84e+4
6.19e-03    2.82e+4
6.20e-03    2.81e+4
6.21e-03    2.79e+4
6.22e-03    2.78e+4
6.23e-03    2.76e+4
6.24e-03    2.74e+4
6.25e-03    2.73e+4
6.26e-03    2.71e+4
6.27e-03    2.70e+4
6.28e-03    2.68e+4
6.29e-03    2.66e+4
6.30e-03    2.65e+4
6.31e-03    2.63e+4
6.32e-03    2.62e+4
6.33e-03    2.60e+4
6.34e-03    2.59e+4
6.35e-03    2.57e+4
6.36e-03    2.56e+4
6.37e-03    2.54e+4
6.38e-03    2.53e+4
6.39e-03    2.51e+4
6.40e-03    2.50e+4
6.41e-03    2.48e+4
6.42e-03    2.47e+4
6.43e-03    2.46e+4
6.44e-03    2.44e+4
6.45e-03    2.43e+4
6.46e-03    2.41e+4
6.47e-03    2.40e+4
6.48e-03    2.39e+4
6.49e-03    2.37e+4
6.50e-03    2.36e+4
6.51e-03    2.34e+4
6.52e-03    2.33e+4
6.53e-03    2.32e+4
6.54e-03    2.30e+4
6.55e-03    2.29e+4
6.56e-03    2.28e+4
6.57e-03    2.26e+4
6.58e-03    2.25e+4
6.59e-03    2.24e+4
6.60e-03    2.22e+4
6.61e-03    2.21e+4
6.62e-03    2.20e+4
6.63e-03    2.19e+4
6.64e-03    2.17e+4
6.65e-03    2.16e+4
6.66e-03    2.15e+4
6.67e-03    2.14e+4
6.68e-03    2.12e+4
6.69e-03    2.11e+4
6.70e-03    2.10e+4
6.71e-03    2.09e+4
6.72e-03    2.07e+4
6.73e-03    2.06e+4
6.74e-03    2.05e+4
6.75e-03    2.04e+4
6.76e-03    2.03e+4
6.77e-03    2.01e+4
6.78e-03    2.00e+4
6.79e-03    1.99e+4
6.80e-03    1.98e+4
6.81e-03    1.97e+4
6.82e-03    1.96e+4
6.83e-03    1.95e+4
6.84e-03    1.93e+4
6.85e-03    1.92e+4
6.86e-03    1.91e+4
6.87e-03    1.90e+4
6.88e-03    1.89e+4
6.89e-03    1.88e+4
6.90e-03    1.87e+4
6.91e-03    1.86e+4
6.92e-03    1.85e+4
6.93e-03    1.84e+4
6.94e-03    1.82e+4
6.95e-03    1.81e+4
6.96e-03    1.80e+4
6.97e-03    1.79e+4
6.98e-03    1.78e+4
6.99e-03    1.77e+4
7.00e-03    1.76e+4
7.01e-03    1.75e+4
7.02e-03    1.74e+4
7.03e-03    1.73e+4
7.04e-03    1.72e+4
7.05e-03    1.71e+4
7.06e-03    1.70e+4
7.07e-03    1.69e+4
7.08e-03    1.68e+4
7.09e-03    1.67e+4
7.10e-03    1.66e+4
7.11e-03    1.65e+4
7.12e-03    1.64e+4
7.13e-03    1.63e+4
7.14e-03    1.62e+4
7.15e-03    1.61e+4
7.16e-03    1.61e+4
7.17e-03    1.60e+4
7.18e-03    1.59e+4
7.19e-03    1.58e+4
7.20e-03    1.57e+4
7.21e-03    1.56e+4
7.22e-03    1.55e+4
7.23e-03    1.54e+4
7.24e-03    1.53e+4
7.25e-03    1.52e+4
7.26e-03    1.51e+4
7.27e-03    1.51e+4
7.28e-03    1.50e+4
7.29e-03    1.49e+4
7.30e-03    1.48e+4
7.31e-03    1.47e+4
7.32e-03    1.46e+4
7.33e-03    1.45e+4
7.34e-03    1.45e+4
7.35e-03    1.44e+4
7.36e-03    1.43e+4
7.37e-03    1.42e+4
7.38e-03    1.41e+4
7.39e-03    1.40e+4
7.40e-03    1.40e+4
7.41e-03    1.39e+4
7.42e-03    1.38e+4
7.43e-03    1.37e+4
7.44e-03    1.36e+4
7.45e-03    1.36e+4
7.46e-03    1.35e+4
7.47e-03    1.34e+4
7.48e-03    1.33e+4
7.49e-03    1.32e+4
7.50e-03    1.32e+4
7.51e-03    1.31e+4
7.52e-03    1.30e+4
7.53e-03    1.29e+4
7.54e-03    1.29e+4
7.55e-03    1.28e+4
7.56e-03    1.27e+4
7.57e-03    1.26e+4
7.58e-03    1.26e+4
7.59e-03    1.25e+4
7.60e-03    1.24e+4
7.61e-03    1.23e+4
7.62e-03    1.23e+4
7.63e-03    1.22e+4
7.64e-03    1.21e+4
7.65e-03    1.21e+4
7.66e-03    1.20e+4
7.67e-03    1.19e+4
7.68e-03    1.19e+4
7.69e-03    1.18e+4
7.70e-03    1.17e+4
7.71e-03    1.17e+4
7.72e-03    1.16e+4
7.73e-03    1.15e+4
7.74e-03    1.14e+4
7.75e-03    1.14e+4
7.76e-03    1.13e+4
7.77e-03    1.13e+4
7.78e-03    1.12e+4
7.79e-03    1.11e+4
7.80e-03    1.11e+4
7.81e-03    1.10e+4
7.82e-03    1.09e+4
7.83e-03    1.09e+4
7.84e-03    1.08e+4
7.85e-03    1.07e+4
7.86e-03    1.07e+4
7.87e-03    1.06e+4
7.88e-03    1.06e+4
7.89e-03    1.05e+4
7.90e-03    1.04e+4
7.91e-03    1.04e+4
7.92e-03    1.03e+4
7.93e-03    1.02e+4
7.94e-03    1.02e+4
7.95e-03    1.01e+4
7.96e-03    1.01e+4
7.97e-03    1.00e+4
7.98e-03    9.95e+3
7.99e-03    9.90e+3
8.00e-03    9.84e+3
8.01e-03    9.78e+3
8.02e-03    9.73e+3
8.03e-03    9.67e+3
8.04e-03    9.61e+3
8.05e-03    9.56e+3
8.06e-03    9.50e+3
8.07e-03    9.45e+3
8.08e-03    9.39e+3
8.09e-03    9.34e+3
8.10e-03    9.28e+3
8.11e-03    9.23e+3
8.12e-03    9.18e+3
8.13e-03    9.12e+3
8.14e-03    9.07e+3
8.15e-03    9.02e+3
8.16e-03    8.96e+3
8.17e-03    8.91e+3
8.18e-03    8.86e+3
8.19e-03    8.81e+3
8.20e-03    8.76e+3
8.21e-03    8.71e+3
8.22e-03    8.66e+3
8.23e-03    8.61e+3
8.24e-03    8.56e+3
8.25e-03    8.51e+3
8.26e-03    8.46e+3
8.27e-03    8.41e+3
8.28e-03    8.36e+3
8.29e-03    8.31e+3
8.30e-03    8.26e+3
8.31e-03    8.21e+3
8.32e-03    8.17e+3
8.33e-03    8.12e+3
8.34e-03    8.07e+3
8.35e-03    8.02e+3
8.36e-03    7.98e+3
8.37e-03    7.93e+3
8.38e-03    7.89e+3
8.39e-03    7.84e+3
8.40e-03    7.79e+3
8.41e-03    7.75e+3
8.42e-03    7.70e+3
8.43e-03    7.66e+3
8.44e-03    7.61e+3
8.45e-03    7.57e+3
8.46e-03    7.53e+3
8.47e-03    7.48e+3
8.48e-03    7.44e+3
8.49e-03    7.40e+3
8.50e-03    7.35e+3
8.51e-03    7.31e+3
8.52e-03    7.27e+3
8.53e-03    7.23e+3
8.54e-03    7.18e+3
8.55e-03    7.14e+3
8.56e-03    7.10e+3
8.57e-03    7.06e+3
8.58e-03    7.02e+3
8.59e-03    6.98e+3
8.60e-03    6.94e+3
8.61e-03    6.90e+3
8.62e-03    6.86e+3
8.63e-03    6.82e+3
8.64e-03    6.78e+3
8.65e-03    6.74e+3
8.66e-03    6.70e+3
8.67e-03    6.66e+3
8.68e-03    6.62e+3
8.69e-03    6.58e+3
8.70e-03    6.54e+3
8.71e-03    6.51e+3
8.72e-03    6.47e+3
8.73e-03    6.43e+3
8.74e-03    6.39e+3
8.75e-03    6.36e+3
8.76e-03    6.32e+3
8.77e-03    6.28e+3
8.78e-03    6.25e+3
8.79e-03    6.21e+3
8.80e-03    6.17e+3
8.81e-03    6.14e+3
8.82e-03    6.10e+3
8.83e-03    6.07e+3
8.84e-03    6.03e+3
8.85e-03    6.00e+3
8.86e-03    5.96e+3
8.87e-03    5.93e+3
8.88e-03    5.89e+3
8.89e-03    5.86e+3
8.90e-03    5.82e+3
8.91e-03    5.79e+3
8.92e-03    5.76e+3
8.93e-03    5.72e+3
8.94e-03    5.69e+3
8.95e-03    5.66e+3
8.96e-03    5.62e+3
8.97e-03    5.59e+3
8.98e-03    5.56e+3
8.99e-03    5.53e+3
9.00e-03    5.50e+3
9.01e-03    5.46e+3
9.02e-03    5.43e+3
9.03e-03    5.40e+3
9.04e-03    5.37e+3
9.05e-03    5.34e+3
9.06e-03    5.31e+3
9.07e-03    5.28e+3
9.08e-03    5.24e+3
9.09e-03    5.21e+3
9.10e-03    5.18e+3
9.11e-03    5.15e+3
9.12e-03    5.12e+3
9.13e-03    5.09e+3
9.14e-03    5.06e+3
9.15e-03    5.04e+3
9.16e-03    5.01e+3
9.17e-03    4.98e+3
9.18e-03    4.95e+3
9.19e-03    4.92e+3
9.20e-03    4.89e+3
9.21e-03    4.86e+3
9.22e-03    4.83e+3
9.23e-03    4.81e+3
9.24e-03    4.78e+3
9.25e-03    4.75e+3
9.26e-03    4.72e+3
9.27e-03    4.70e+3
9.28e-03    4.67e+3
9.29e-03    4.64e+3
9.30e-03    4.61e+3
9.31e-03    4.59e+3
9.32e-03    4.56e+3
9.33e-03    4.53e+3
9.34e-03    4.51e+3
9.35e-03    4.48e+3
9.36e-03    4.46e+3
9.37e-03    4.43e+3
9.38e-03    4.40e+3
9.39e-03    4.38e+3
9.40e-03    4.35e+3
9.41e-03    4.33e+3
9.42e-03    4.30e+3
9.43e-03    4.28e+3
9.44e-03    4.25e+3
9.45e-03    4.23e+3
9.46e-03    4.20e+3
9.47e-03    4.18e+3
9.48e-03    4.15e+3
9.49e-03    4.13e+3
9.50e-03    4.11e+3
9.51e-03    4.08e+3
9.52e-03    4.06e+3
9.53e-03    4.04e+3
9.54e-03    4.01e+3
9.55e-03    3.99e+3
9.56e-03    3.97e+3
9.57e-03    3.94e+3
9.58e-03    3.92e+3
9.59e-03    3.90e+3
9.60e-03    3.87e+3
9.61e-03    3.85e+3
9.62e-03    3.83e+3
9.63e-03    3.81e+3
9.64e-03    3.79e+3
9.65e-03    3.76e+3
9.66e-03    3.74e+3
9.67e-03    3.72e+3
9.68e-03    3.70e+3
9.69e-03    3.68e+3
9.70e-03    3.66e+3
9.71e-03    3.63e+3
9.72e-03    3.61e+3
9.73e-03    3.59e+3
9.74e-03    3.57e+3
9.75e-03    3.55e+3
9.76e-03    3.53e+3
9.77e-03    3.51e+3
9.78e-03    3.49e+3
9.79e-03    3.47e+3
9.80e-03    3.45e+3
9.81e-03    3.43e+3
9.82e-03    3.41e+3
9.83e-03    3.39e+3
9.84e-03    3.37e+3
9.85e-03    3.35e+3
9.86e-03    3.33e+3
9.87e-03    3.31e+3
9.88e-03    3.29e+3
9.89e-03    3.27e+3
9.90e-03    3.25e+3
9.91e-03    3.23e+3
9.92e-03    3.22e+3
9.93e-03    3.20e+3
9.94e-03    3.18e+3
9.95e-03    3.16e+3
9.96e-03    3.14e+3
9.97e-03    3.12e+3
9.98e-03    3.10e+3
9.99e-03    3.09e+3
1.00e-02    3.07e+3
1.00e-02    3.05e+3
