Nodes, Elements, Materials                      
8	1	1
Materials
1	35000e6	0.22
List Of Elements (Id, Material, Node1,...,Node8)
1	1	4	1	3	6	5	2	7	8
Nodes
1	0.0000000000	1.0000000000	1.0000000000
2	0.0000000000	0.0000000000	1.0000000000
3	0.0000000000	1.0000000000	0.0000000000
4	1.0000000000	1.0000000000	1.0000000000
5	1.0000000000	0.0000000000	1.0000000000
6	1.0000000000	1.0000000000	0.0000000000
7	0.0000000000	0.0000000000	0.0000000000
8	1.0000000000	0.0000000000	0.0000000000
Nodes with Boundary Condition
4
1	1	1	1	0.0	0.0	0.0
2	1	1	1	0.0	0.0	0.0
3	1	1	1	0.0	0.0	0.0
7	1	1	1	0.0	0.0	0.0
Nodal Force
4
4	1	0	0	100000.0	0.0	0.0
5	1	0	0	100000.0	0.0	0.0
6	1	0	0	100000.0	0.0	0.0
8	1	0	0	100000.0	0.0	0.0
